2 0.094794 0.123355 0.079190 0.217485
2 0.272714 0.142138 0.105930 0.227371
2 0.450121 0.145103 0.088446 0.260982
2 0.605415 0.164875 0.092560 0.221440
2 0.719573 0.153012 0.032910 0.118628
2 0.891323 0.134229 0.074048 0.231325
2 0.085023 0.467377 0.071991 0.217485
2 0.281456 0.473309 0.088446 0.217485
2 0.513370 0.471331 0.075076 0.150263
2 0.653752 0.491103 0.065820 0.245165
2 0.765338 0.490114 0.058621 0.195737
2 0.912920 0.478251 0.055536 0.231325
2 0.126675 0.820297 0.064792 0.160148
2 0.324650 0.837102 0.086389 0.264937
2 0.475832 0.828205 0.063763 0.231325
2 0.588960 0.842045 0.067877 0.207600
2 0.647582 0.841057 0.043195 0.166080
2 0.707231 0.830182 0.047308 0.203645
2 0.882581 0.838091 0.040109 0.183874