5 0.031884 0.118182 0.036715 0.223567
5 0.058937 0.162453 0.034783 0.210286
5 0.179227 0.143638 0.043478 0.234635
5 0.245894 0.135890 0.057005 0.258984
5 0.290821 0.140318 0.044444 0.267838
5 0.378261 0.162453 0.031884 0.188151
5 0.355556 0.109328 0.030918 0.214713
5 0.455072 0.128143 0.040580 0.252343
5 0.501449 0.133677 0.032850 0.263411
5 0.579227 0.135890 0.058937 0.210286
5 0.696135 0.160239 0.045411 0.227994
5 0.791304 0.138104 0.021256 0.263411
5 0.839130 0.141424 0.045411 0.243489
5 0.957971 0.142531 0.064734 0.276692
5 0.079227 0.470135 0.048309 0.214713
5 0.033816 0.465707 0.042512 0.219140
5 0.173913 0.485629 0.044444 0.179297
5 0.271498 0.474562 0.048309 0.197005
5 0.330435 0.474562 0.042512 0.183724
5 0.414493 0.473455 0.054106 0.243489
5 0.504831 0.472348 0.041546 0.174869
5 0.617391 0.473455 0.038647 0.190364
5 0.678261 0.815446 0.044444 0.205859
5 0.555072 0.826514 0.049275 0.250130
5 0.372947 0.802165 0.044444 0.214713
5 0.169565 0.805485 0.057005 0.261197
5 0.073913 0.814340 0.066667 0.265624
5 0.777295 0.805485 0.028019 0.168229
5 0.830435 0.805485 0.024155 0.163802