5 0.050985 0.170806 0.076826 0.205622
5 0.244606 0.143126 0.077864 0.185851
5 0.412792 0.158943 0.057100 0.229348
5 0.457953 0.185635 0.072673 0.187828
5 0.648980 0.155978 0.078902 0.251097
5 0.796921 0.160921 0.075788 0.249120
5 0.944344 0.106549 0.067482 0.148285
5 0.100818 0.488137 0.058138 0.164103
5 0.288210 0.499011 0.034260 0.233302
5 0.331295 0.499011 0.068520 0.241211
5 0.475084 0.480229 0.034260 0.215508
5 0.500519 0.497034 0.043604 0.185851
5 0.560734 0.486160 0.037375 0.211554
5 0.591879 0.497034 0.041527 0.189805
5 0.764737 0.499011 0.061253 0.225394
5 0.941748 0.530646 0.045680 0.213531
5 0.057214 0.845011 0.056062 0.213531
5 0.136116 0.847977 0.058138 0.207600
5 0.283019 0.843034 0.057100 0.205622
5 0.479236 0.862805 0.057100 0.213531
5 0.522840 0.862805 0.036337 0.213531
5 0.670782 0.820297 0.041527 0.144331
5 0.806784 0.845999 0.045680 0.160148
5 0.921503 0.850942 0.034260 0.253074
5 0.953687 0.877634 0.038413 0.203645